SC:2023-10-23:19:19:44.754131:R:S3:('+', 50)
HC:2023-10-23:19:20:19.564174:D:H3:('-', 80)
FS:2023-10-25:15:18:10.094057:R:S3:('+', 80)
MS:2023-10-27:16:09:06.675249:R:S2:('+', 70)
GL:2023-10-27:23:14:53.819238:D:H2:('-', 85)
GW:2023-10-28:00:59:51.581053:R:S1:('+', 20)